eval_loss = 0.5079474007312692
eval_mcc = 0.5238010017546655
epoch = 3.0
